Macierz A
[0.5, 0.3333333333333333, 0.25, 0.2]
[0.3333333333333333, 0.25, 0.2, 0.16666666666666666]
[0.25, 0.2, 0.16666666666666666, 0.14285714285714285]
[0.2, 0.16666666666666666, 0.14285714285714285, 0.125]

zad1:
Macierz LU
[0.2, 0.16666666666666666, 0.14285714285714285, 0.125]
[2.5, -0.08333333333333331, -0.1071428571428571, -0.11249999999999999]
[1.6666666666666665, 0.3333333333333329, -0.0023809523809523864, -0.004166666666666707]
[1.25, 0.09999999999999967, 0.5000000000000094, -5.9523809523796215e-05]

Macierz U: 
0.2 0.16666666666666666 0.14285714285714285 0.125 
0 -0.08333333333333331 -0.1071428571428571 -0.11249999999999999 
0 0 -0.0023809523809523864 -0.004166666666666707 
0 0 0 -5.9523809523796215e-05 
Macierz L: 
1 0 0 0 
2.5 1 0 0 
1.6666666666666665 0.3333333333333329 1 0 
1.25 0.09999999999999967 0.5000000000000094 1 
zad2:
wyznacznik A=-2.3620559334839816e-09
zad3:
Macierz odwrota
[200.00000000004235, -1200.0000000002888, 2100.000000000539, -1120.000000000299]
[-1200.0000000002917, 8100.000000001967, -15120.00000000365, 8400.00000000202]
[2100.000000000548, -15120.000000003674, 29400.000000006796, -16800.000000003747]
[-1120.0000000003051, 8400.000000002037, -16800.000000003758, 9800.000000002066]
zad4:
A * A_odwrotna
[0.9999999999998863, 0.0, -4.547473508864641e-13, 4.547473508864641e-13]
[-5.684341886080802e-14, 1.0000000000002274, 4.547473508864641e-13, 4.547473508864641e-13]
[-2.842170943040401e-14, 4.547473508864641e-13, 1.0, 2.2737367544323206e-13]
[0.0, 0.0, 0.0, 1.0]
zad5
norma_A = 0.5
norma_A_odwrotna = 29400.000000006796
wsk_A_i_A_odwr = 14700.000000003398